középen 1 8 szimmetrikusan

1;0.01;960;540;0;0;Green
-1;0.01;1060;540;0;0;Red
-1;0.01;1035;611;0;0;Red
-1;0.01;960;640;0;0;Red
-1;0.01;885;611;0;0;Red
-1;0.01;860;540;0;0;Red
-1;0.01;885;469;0;0;Red
-1;0.01;960;440;0;0;Red
-1;0.01;1035;469;0;0;Red


középen 1 6 szimmetrikusan

-1;0.01;960;540;0;0;Red
1;0.01;960;440;0;0;Green
1;0.01;1040;480;0;0;Green
1;0.01;1040;600;0;0;Green
1;0.01;960;640;0;0;Green
1;0.01;880;600;0;0;Green
1;0.01;880;480;0;0;Green


3-3 valahogy

1;0.01;900;500;0;0;Green
-1;0.01;1020;520;0;0;Red
1;0.01;970;600;0;0;Green
-1;0.01;930;450;0;0;Red
1;0.01;1050;580;0;0;Green
-1;0.01;880;560;0;0;Red



kör pálya

1;0.01;800;540;0;3;Green
-1;0.01;1120;540;0;-3;Red